9 9 9 9 9 9 9 9 9 9 9 9 9 9 9 9 1 1 0 0 0 0 13 0 0 0 0 0 0 0 0 0 
9 9 9 9 9 9 9 9 9 9 9 9 9 9 9 9 1 1 0 0 0 0 0 0 0 0 0 0 0 0 0 0 
9 9 9 9 9 9 9 9 9 9 9 9 9 9 9 9 1 1 0 0 0 0 0 0 0 0 0 0 0 0 0 0 
9 9 9 9 9 9 9 9 9 9 9 9 9 9 9 9 1 1 0 0 0 0 0 0 0 0 0 0 0 0 0 0 
9 9 9 9 9 9 9 9 9 9 9 9 9 9 9 9 1 1 8 1 1 1 0 1 0 0 1 1 0 0 0 13 
9 9 9 9 9 9 9 9 9 9 9 9 9 9 9 9 1 1 1 1 1 1 1 1 1 1 1 1 0 0 0 0 
9 9 9 9 9 9 9 9 9 9 9 9 9 9 9 9 1 1 1 1 1 1 1 1 1 1 1 1 0 0 0 0 
9 9 9 9 9 9 9 9 9 9 9 9 9 9 9 9 1 1 0 0 0 0 11 0 0 0 0 0 0 0 0 0 
9 9 9 9 9 9 9 9 9 9 9 9 9 9 9 9 1 1 0 0 0 0 0 0 0 0 0 0 0 0 0 0 
9 9 9 9 9 9 9 9 9 9 9 9 9 9 9 9 1 1 0 0 0 0 0 0 0 0 0 0 0 0 0 0 
9 9 9 9 9 9 9 9 9 9 9 9 9 9 9 9 1 1 0 0 0 0 0 0 0 0 0 0 0 0 0 0 
9 9 9 9 9 9 9 9 9 9 9 9 9 9 9 9 1 1 0 0 0 0 0 0 0 0 0 0 0 0 0 0 
9 9 9 9 9 9 9 9 9 9 9 9 9 9 9 9 1 1 0 0 0 0 0 0 0 0 0 0 0 0 0 0 
9 9 9 9 9 9 9 9 9 9 9 9 9 9 9 9 1 1 0 0 0 0 0 0 0 0 0 0 0 0 0 0 
0 0 0 0 0 0 0 0 0 0 0 0 0 0 0 0 0 0 0 0 2 1 1 1 2 1 0 0 0 0 1 1 
0 0 0 0 0 0 0 0 0 0 0 0 0 0 0 0 0 0 0 0 2 1 1 1 2 1 0 0 0 0 1 1 
0 0 0 0 0 0 0 0 0 0 0 0 0 0 0 0 0 0 0 0 2 0 1 1 2 1 0 0 0 0 1 1 
5 5 5 5 5 5 5 5 5 5 5 5 5 5 5 5 0 0 2 1 2 1 1 1 1 1 0 0 0 2 1 1 
0 0 0 0 0 0 0 0 0 0 0 0 0 0 0 0 0 0 2 1 0 1 1 1 1 1 0 0 0 2 1 1 
0 0 0 0 0 0 0 0 0 0 0 0 0 0 0 0 0 0 2 1 0 0 0 0 0 0 0 0 0 0 1 1 
0 0 0 0 0 0 0 0 0 0 0 0 0 0 0 0 0 0 2 0 0 0 0 0 0 0 0 0 0 0 1 1 
1 1 0 0 0 5 5 5 5 5 5 5 5 5 5 5 0 0 2 0 0 0 0 1 1 1 0 0 0 0 1 1 
1 1 0 0 0 0 0 0 0 0 0 0 0 0 0 0 0 0 2 0 0 2 1 0 0 0 0 0 0 0 1 1 
1 1 1 0 0 1 0 0 0 0 0 0 0 0 0 0 0 0 2 0 0 2 1 0 0 0 0 0 0 0 1 1 
1 0 1 2 2 2 2 0 2 0 0 0 0 0 0 0 0 0 2 0 0 1 1 0 1 1 0 0 0 0 1 1 
1 1 1 2 2 2 0 0 2 0 0 1 1 0 0 0 0 0 2 0 0 1 1 0 0 1 0 0 0 0 1 1 
1 1 1 2 2 2 0 0 2 0 2 0 0 0 0 0 0 0 2 0 0 1 1 0 1 1 1 0 0 0 1 1 
1 1 1 2 2 2 0 0 2 2 2 1 1 0 0 0 0 0 2 0 0 1 1 0 1 1 0 0 0 0 1 1 
0 2 1 1 1 1 1 0 1 0 0 0 0 0 1 1 9 9 9 9 9 9 9 9 9 9 9 9 9 9 9 9 
0 0 0 0 0 0 0 0 0 0 0 0 0 0 1 1 9 9 9 9 9 9 9 9 9 9 9 9 9 9 9 9 
0 0 0 0 0 0 0 0 0 0 0 0 0 0 1 1 9 9 9 9 9 9 9 9 9 9 9 9 9 9 9 9 
0 0 0 0 0 0 0 0 0 0 0 0 0 0 1 1 9 9 9 9 9 9 9 9 9 9 9 9 9 9 9 9 
0 0 0 0 0 0 0 0 0 0 0 0 0 0 1 1 9 9 9 9 9 9 9 9 9 9 9 9 9 9 9 9 
0 0 0 0 0 1 1 1 1 1 1 1 0 0 1 1 9 9 9 9 9 9 9 9 9 9 9 9 9 9 9 9 
0 0 0 0 0 1 1 1 1 1 1 1 0 0 1 1 9 9 9 9 9 9 9 9 9 9 9 9 9 9 9 9 
0 0 0 1 1 1 1 1 1 1 1 1 0 0 1 1 9 9 9 9 9 9 9 9 9 9 9 9 9 9 9 9 
0 12 1 1 1 1 1 1 1 1 1 1 0 0 1 1 9 9 9 9 9 9 9 9 9 9 9 9 9 9 9 9 
0 0 0 1 1 1 1 1 1 1 1 1 0 0 1 1 9 9 9 9 9 9 9 9 9 9 9 9 9 9 9 9 
0 0 0 1 1 1 1 1 1 1 1 1 0 0 1 1 9 9 9 9 9 9 9 9 9 9 9 9 9 9 9 9 
1 0 0 0 1 1 1 1 1 1 1 1 0 0 1 1 9 9 9 9 9 9 9 9 9 9 9 9 9 9 9 9 
0 0 0 1 1 1 1 1 1 1 1 1 0 0 1 1 9 9 9 9 9 9 9 9 9 9 9 9 9 9 9 9 
0 0 0 1 1 1 1 1 1 1 1 1 0 0 1 1 9 9 9 9 9 9 9 9 9 9 9 9 9 9 9 9 
0 0 0 0 0 0 0 0 0 12 1 1 1 1 1 1 9 9 9 9 9 9 9 9 9 9 9 9 9 9 9 9 
0 0 0 0 0 0 0 0 0 0 1 1 1 1 1 1 9 9 9 9 9 9 9 9 9 9 9 9 9 9 9 9 
0 0 0 0 0 0 0 0 0 0 0 1 1 1 1 1 9 9 9 9 9 9 9 9 9 9 9 9 9 9 9 9 
0 0 0 0 0 0 0 0 0 0 1 1 1 1 1 1 9 9 9 9 9 9 9 9 9 9 9 9 9 9 9 9 
0 0 0 0 0 0 0 0 0 0 1 1 1 1 1 1 9 9 9 9 9 9 9 9 9 9 9 9 9 9 9 9 
0 0 0 0 0 0 0 0 0 0 1 1 1 1 1 1 9 9 9 9 9 9 9 9 9 9 9 9 9 9 9 9 
0 0 0 0 0 0 0 0 0 1 1 1 1 0 1 1 9 9 9 9 9 9 9 9 9 9 9 9 9 9 9 9 
0 0 0 0 0 0 0 13 0 0 0 0 0 0 1 1 9 9 9 9 9 9 9 9 9 9 9 9 9 9 9 9 
0 0 0 0 0 0 0 0 0 0 0 0 0 0 1 1 9 9 9 9 9 9 9 9 9 9 9 9 9 9 9 9 
0 0 0 0 0 0 0 0 0 0 0 0 0 0 1 1 9 9 9 9 9 9 9 9 9 9 9 9 9 9 9 9 
1 1 0 0 0 0 0 0 0 0 0 0 0 0 1 1 9 9 9 9 9 9 9 9 9 9 9 9 9 9 9 9 
1 0 0 0 0 0 0 0 0 0 0 0 0 0 1 1 9 9 9 9 9 9 9 9 9 9 9 9 9 9 9 9 
1 1 0 0 0 0 0 0 0 0 0 0 0 2 1 1 9 9 9 9 9 9 9 9 9 9 9 9 9 9 9 9 
1 1 0 0 0 0 0 0 0 0 0 0 0 2 1 1 9 9 9 9 9 9 9 9 9 9 9 9 9 9 9 9 
0 0 0 0 0 0 0 0 0 0 0 0 0 0 0 0 9 9 9 9 9 9 9 9 9 9 9 9 9 9 9 9 
0 0 0 0 0 0 0 0 0 0 0 0 0 0 0 0 9 9 9 9 9 9 9 9 9 9 9 9 9 9 9 9 
0 0 0 0 0 0 0 0 0 0 0 0 0 0 0 0 9 9 9 9 9 9 9 9 9 9 9 9 9 9 9 9 
0 0 0 0 0 0 0 0 0 0 0 0 0 0 0 0 9 9 9 9 9 9 9 9 9 9 9 9 9 9 9 9 
0 0 0 0 0 0 0 0 0 0 0 0 0 0 0 0 9 9 9 9 9 9 9 9 9 9 9 9 9 9 9 9 
0 0 0 0 0 0 0 0 0 1 1 1 1 0 0 0 9 9 9 9 9 9 9 9 9 9 9 9 9 9 9 9 
0 0 0 0 0 0 0 11 0 1 1 1 1 0 0 0 9 9 9 9 9 9 9 9 9 9 9 9 9 9 9 9 
0 0 0 1 1 1 1 1 1 1 1 1 1 1 1 1 9 9 9 9 9 9 9 9 9 9 9 9 9 9 9 9 
1 0 1 1 1 1 1 1 1 1 1 1 1 1 1 1 9 9 9 9 9 9 9 9 9 9 9 9 9 9 9 9 
0 0 0 0 0 0 0 0 0 0 0 0 0 0 0 0 9 9 9 9 9 9 9 9 9 9 9 9 9 9 9 9 
0 0 0 0 0 0 0 0 0 0 0 0 0 0 0 0 9 9 9 9 9 9 9 9 9 9 9 9 9 9 9 9 
0 0 0 0 0 0 0 0 0 0 0 0 0 0 0 0 9 9 9 9 9 9 9 9 9 9 9 9 9 9 9 9 
0 0 0 0 0 0 0 0 0 0 0 0 0 0 0 0 9 9 9 9 9 9 9 9 9 9 9 9 9 9 9 9 
1 0 0 0 0 0 0 0 0 0 0 0 0 0 0 0 9 9 9 9 9 9 9 9 9 9 9 9 9 9 9 9 
0 0 0 0 0 0 0 2 0 0 0 0 0 0 1 1 9 9 9 9 9 9 9 9 9 9 9 9 9 9 9 9 
0 0 0 0 0 0 0 0 0 0 0 0 0 0 1 1 9 9 9 9 9 9 9 9 9 9 9 9 9 9 9 9 
0 0 0 0 0 0 0 0 0 0 13 0 0 0 1 1 9 9 9 9 9 9 9 9 9 9 9 9 9 9 9 9 
0 0 0 0 0 0 0 2 0 0 0 0 0 0 1 1 9 9 9 9 9 9 9 9 9 9 9 9 9 9 9 9 
0 11 0 0 0 0 0 2 2 0 0 0 0 0 1 1 9 9 9 9 9 9 9 9 9 9 9 9 9 9 9 9 
1 1 0 0 0 0 0 2 4 0 0 0 0 0 1 1 9 9 9 9 9 9 9 9 9 9 9 9 9 9 9 9 
1 1 0 0 0 0 0 2 4 0 0 0 0 12 1 1 9 9 9 9 9 9 9 9 9 9 9 9 9 9 9 9 
1 1 0 0 0 0 0 12 1 0 0 0 0 0 1 1 9 9 9 9 9 9 9 9 9 9 9 9 9 9 9 9 
1 1 0 0 0 0 1 1 1 0 0 0 0 12 1 1 9 9 9 9 9 9 9 9 9 9 9 9 9 9 9 9 
1 1 0 0 0 0 1 1 1 0 0 0 0 0 1 1 9 9 9 9 9 9 9 9 9 9 9 9 9 9 9 9 
1 1 1 1 3 3 1 1 1 0 0 0 0 0 1 1 9 9 9 9 9 9 9 9 9 9 9 9 9 9 9 9 
1 1 1 1 1 1 1 1 1 0 0 0 0 0 1 1 9 9 9 9 9 9 9 9 9 9 9 9 9 9 9 9 
0 0 0 0 0 0 0 0 0 0 0 0 0 0 1 1 9 9 9 9 9 9 9 9 9 9 9 9 9 9 9 9 
0 0 0 0 0 0 0 0 0 0 0 0 0 0 1 1 9 9 9 9 9 9 9 9 9 9 9 9 9 9 9 9 
0 0 0 0 0 0 0 0 0 0 0 0 0 1 1 1 9 9 9 9 9 9 9 9 9 9 9 9 9 9 9 9 
0 0 0 0 0 0 0 0 0 0 0 0 0 2 1 1 9 9 9 9 9 9 9 9 9 9 9 9 9 9 9 9 
0 0 0 0 0 0 0 0 0 0 1 1 1 2 1 1 9 9 9 9 9 9 9 9 9 9 9 9 9 9 9 9 
0 0 0 0 2 1 1 1 1 1 1 1 1 2 1 1 9 9 9 9 9 9 9 9 9 9 9 9 9 9 9 9 
0 0 0 0 2 1 1 1 1 1 1 1 1 2 1 1 9 9 9 9 9 9 9 9 9 9 9 9 9 9 9 9 
0 0 0 0 2 0 0 0 0 0 0 0 0 0 1 1 9 9 9 9 9 9 9 9 9 9 9 9 9 9 9 9 
0 0 0 0 2 0 0 0 0 0 0 0 0 0 1 1 9 9 9 9 9 9 9 9 9 9 9 9 9 9 9 9 
0 0 0 0 2 0 0 0 0 0 0 0 0 0 1 1 9 9 9 9 9 9 9 9 9 9 9 9 9 9 9 9 
0 0 0 0 0 0 0 0 0 0 0 0 0 0 1 1 9 9 9 9 9 9 9 9 9 9 9 9 9 9 9 9 
0 0 0 0 0 0 0 0 0 0 0 0 0 0 1 1 9 9 9 9 9 9 9 9 9 9 9 9 9 9 9 9 
0 0 0 0 1 1 1 1 1 1 1 1 1 2 1 1 9 9 9 9 9 9 9 9 9 9 9 9 9 9 9 9 
0 0 0 0 0 0 0 0 0 0 0 0 11 2 1 1 9 9 9 9 9 9 9 9 9 9 9 9 9 9 9 9 
0 0 0 0 0 0 0 0 0 0 0 0 0 2 1 1 9 9 9 9 9 9 9 9 9 9 9 9 9 9 9 9 
0 0 0 0 0 0 0 0 0 0 0 0 0 2 1 1 9 9 9 9 9 9 9 9 9 9 9 9 9 9 9 9 
0 0 0 2 1 1 1 1 1 1 1 1 1 2 1 1 9 9 9 9 9 9 9 9 9 9 9 9 9 9 9 9 
0 0 1 1 1 1 1 1 1 1 1 1 1 1 1 1 9 9 9 9 9 9 9 9 9 9 9 9 9 9 9 9 
0 0 0 0 0 12 1 0 0 0 0 0 0 2 1 1 9 9 9 9 9 9 9 9 9 9 9 9 9 9 9 9 
0 0 0 0 0 2 0 0 0 0 0 0 0 0 1 1 9 9 9 9 9 9 9 9 9 9 9 9 9 9 9 9 
0 0 0 0 0 2 0 0 0 0 0 0 0 12 1 1 9 9 9 9 9 9 9 9 9 9 9 9 9 9 9 9 
0 0 0 0 0 0 0 0 0 0 0 0 0 0 1 1 9 9 9 9 9 9 9 9 9 9 9 9 9 9 9 9 
0 0 0 0 0 0 0 0 0 0 0 0 0 0 1 1 9 9 9 9 9 9 9 9 9 9 9 9 9 9 9 9 
0 0 0 0 0 0 0 0 0 0 0 0 0 0 1 1 9 9 9 9 9 9 9 9 9 9 9 9 9 9 9 9 
0 0 0 0 0 0 0 1 1 1 1 1 1 1 1 1 9 9 9 9 9 9 9 9 9 9 9 9 9 9 9 9 
0 0 0 0 0 0 0 0 1 1 1 1 1 1 1 1 9 9 9 9 9 9 9 9 9 9 9 9 9 9 9 9 
0 0 0 1 0 0 0 12 1 1 1 1 1 1 1 1 9 9 9 9 9 9 9 9 9 9 9 9 9 9 9 9 
0 0 0 1 1 1 1 1 1 1 1 1 1 1 1 1 9 9 9 9 9 9 9 9 9 9 9 9 9 9 9 9 
0 0 0 1 1 1 1 1 1 1 1 1 1 1 1 1 9 9 9 9 9 9 9 9 9 9 9 9 9 9 9 9 
0 0 0 1 1 1 1 1 0 0 0 0 1 0 1 1 9 9 9 9 9 9 9 9 9 9 9 9 9 9 9 9 
0 0 0 0 0 0 0 0 0 0 0 0 0 0 0 0 9 9 9 9 9 9 9 9 9 9 9 9 9 9 9 9 
0 0 0 0 0 0 0 0 0 0 0 0 0 0 0 0 9 9 9 9 9 9 9 9 9 9 9 9 9 9 9 9 
0 0 0 0 0 0 0 0 0 0 0 0 0 0 0 0 9 9 9 9 9 9 9 9 9 9 9 9 9 9 9 9 
0 0 0 0 0 0 0 0 0 0 0 0 0 0 0 0 9 9 9 9 9 9 9 9 9 9 9 9 9 9 9 9 
0 0 1 0 0 0 0 0 0 0 0 0 0 0 0 0 9 9 9 9 9 9 9 9 9 9 9 9 9 9 9 9 
0 0 0 0 0 0 0 0 0 0 0 0 0 0 0 0 9 9 9 9 9 9 9 9 9 9 9 9 9 9 9 9 
0 0 1 1 0 0 0 0 0 0 0 0 1 0 0 0 9 9 9 9 9 9 9 9 9 9 9 9 9 9 9 9 
0 0 0 0 0 0 0 0 0 1 1 1 1 0 0 0 9 9 9 9 9 9 9 9 9 9 9 9 9 9 9 9 
0 0 0 0 0 0 0 0 0 1 1 1 1 0 0 0 9 9 9 9 9 9 9 9 9 9 9 9 9 9 9 9 
0 0 0 0 0 0 0 1 1 1 1 1 0 0 0 0 9 9 9 9 9 9 9 9 9 9 9 9 9 9 9 9 
0 0 0 0 0 0 0 1 1 1 1 1 7 0 0 0 9 9 9 9 9 9 9 9 9 9 9 9 9 9 9 9 
1 1 1 1 1 1 1 1 1 1 1 1 1 0 0 0 9 9 9 9 9 9 9 9 9 9 9 9 9 9 9 9 
1 1 0 0 0 1 1 1 1 1 1 1 1 0 0 0 9 9 9 9 9 9 9 9 9 9 9 9 9 9 9 9 
1 1 1 1 1 1 1 1 1 1 1 1 1 0 0 0 9 9 9 9 9 9 9 9 9 9 9 9 9 9 9 9 
