9 9 9 9 9 9 9 9 9 9 9 9 9 9 9 9 9 9 9 9 9 9 9 9 9 9 9 9 9 9 9 9 0 0 0 0 0 0 0 0 0 0 0 0 0 0 0 1 
9 9 9 9 9 9 9 9 9 9 9 9 9 9 9 9 9 9 9 9 9 9 9 9 9 9 9 9 9 9 9 9 0 0 0 0 0 0 0 0 0 0 0 0 0 4 0 1 
9 9 9 9 9 9 9 9 9 9 9 9 9 9 9 9 9 9 9 9 9 9 9 9 9 9 9 9 9 9 9 9 0 0 0 0 0 0 0 0 0 0 0 0 0 4 2 1 
9 9 9 9 9 9 9 9 9 9 9 9 9 9 9 9 9 9 9 9 9 9 9 9 9 9 9 9 9 9 9 9 0 0 0 0 1 1 1 1 1 0 0 0 1 1 2 1 
9 9 9 9 9 9 9 9 9 9 9 9 9 9 9 9 9 9 9 9 9 9 9 9 9 9 9 9 9 9 9 9 8 0 1 1 1 1 1 1 1 1 0 0 0 1 2 1 
9 9 9 9 9 9 9 9 9 9 9 9 9 9 9 9 9 9 9 9 9 9 9 9 9 9 9 9 9 9 9 9 1 1 1 1 1 1 1 1 1 1 1 1 0 1 2 1 
9 9 9 9 9 9 9 9 9 9 9 9 9 9 9 9 9 9 9 9 9 9 9 9 9 9 9 9 9 9 9 9 0 0 1 2 1 1 1 1 1 1 1 1 0 0 2 1 
9 9 9 9 9 9 9 9 9 9 9 9 9 9 9 9 9 9 9 9 9 9 9 9 9 9 9 9 9 9 9 9 0 0 0 0 0 0 1 1 1 1 1 1 1 1 2 1 
9 9 9 9 9 9 9 9 9 9 9 9 9 9 9 9 9 9 9 9 9 9 9 9 9 9 9 9 9 9 9 9 0 0 0 0 0 0 0 0 0 0 0 0 0 0 2 1 
9 9 9 9 9 9 9 9 9 9 9 9 9 9 9 9 9 9 9 9 9 9 9 9 9 9 9 9 9 9 9 9 0 0 0 0 0 0 0 0 0 0 0 0 0 0 2 1 
9 9 9 9 9 9 9 9 9 9 9 9 9 9 9 9 9 9 9 9 9 9 9 9 9 9 9 9 9 9 9 9 0 0 0 0 0 0 0 0 0 0 0 0 0 0 2 1 
9 9 9 9 9 9 9 9 9 9 9 9 9 9 9 9 9 9 9 9 9 9 9 9 9 9 9 9 9 9 9 9 0 0 1 1 0 0 0 0 0 0 0 0 0 0 1 1 
9 9 9 9 9 9 9 9 9 9 9 9 9 9 9 9 9 9 9 9 9 9 9 9 9 9 9 9 9 9 9 9 0 1 1 1 1 1 1 1 1 1 1 1 0 12 1 1 
9 9 9 9 9 9 9 9 9 9 9 9 9 9 9 9 9 9 9 9 9 9 9 9 9 9 9 9 9 9 9 9 3 1 1 1 1 1 1 1 1 1 1 1 0 0 1 1 
9 9 9 9 9 9 9 9 9 9 9 9 9 9 9 9 9 9 9 9 9 9 9 9 9 9 9 9 9 9 9 9 0 0 2 6 0 0 0 0 0 0 0 0 0 0 1 1 
9 9 9 9 9 9 9 9 9 9 9 9 9 9 9 9 9 9 9 9 9 9 9 9 9 9 9 9 9 9 9 9 0 0 2 0 0 0 0 0 0 0 0 0 0 0 1 1 
9 9 9 9 9 9 9 9 9 9 9 9 9 9 9 9 9 9 9 9 9 9 9 9 9 9 9 9 9 9 9 9 0 0 2 4 2 0 0 1 0 0 0 0 0 0 1 1 
9 9 9 9 9 9 9 9 9 9 9 9 9 9 9 9 9 9 9 9 9 9 9 9 9 9 9 9 9 9 9 9 0 0 2 1 2 1 1 1 1 1 1 1 1 2 1 1 
9 9 9 9 9 9 9 9 9 9 9 9 9 9 9 9 9 9 9 9 9 9 9 9 9 9 9 9 9 9 9 9 0 0 0 1 2 1 1 1 1 1 1 1 1 2 1 1 
9 9 9 9 9 9 9 9 9 9 9 9 9 9 9 9 9 9 9 9 9 9 9 9 9 9 9 9 9 9 9 9 0 13 0 0 2 1 1 1 1 1 1 0 0 2 1 1 
9 9 9 9 9 9 9 9 9 9 9 9 9 9 9 9 9 9 9 9 9 9 9 9 9 9 9 9 9 9 9 9 0 0 0 0 2 0 0 0 0 0 0 0 0 2 1 1 
9 9 9 9 9 9 9 9 9 9 9 9 9 9 9 9 9 9 9 9 9 9 9 9 9 9 9 9 9 9 9 9 0 0 0 0 2 0 0 0 0 0 0 0 0 2 1 1 
9 9 9 9 9 9 9 9 9 9 9 9 9 9 9 9 9 9 9 9 9 9 9 9 9 9 9 9 9 9 9 9 0 0 0 0 2 0 0 0 0 0 0 0 0 2 1 1 
9 9 9 9 9 9 9 9 9 9 9 9 9 9 9 9 9 9 9 9 9 9 9 9 9 9 9 9 9 9 9 9 2 0 0 0 2 0 0 0 0 0 0 0 0 2 1 1 
9 9 9 9 9 9 9 9 9 9 9 9 9 9 9 9 9 9 9 9 9 9 9 9 9 9 9 9 9 9 9 9 0 0 0 0 0 2 0 0 0 0 0 0 0 2 1 1 
9 9 9 9 9 9 9 9 9 9 9 9 9 9 9 9 9 9 9 9 9 9 9 9 9 9 9 9 9 9 9 9 0 0 0 0 2 0 1 0 0 0 0 0 1 2 1 1 
9 9 9 9 9 9 9 9 9 9 9 9 9 9 9 9 9 9 9 9 9 9 9 9 9 9 9 9 9 9 9 9 0 0 0 0 2 0 0 0 0 0 0 0 0 2 1 1 
9 9 9 9 9 9 9 9 9 9 9 9 9 9 9 9 9 9 9 9 9 9 9 9 9 9 9 9 9 9 9 9 0 0 0 0 2 0 0 0 0 0 0 0 0 2 1 1 
9 9 9 9 9 9 9 9 9 9 9 9 9 9 9 9 1 1 0 0 0 0 13 0 0 0 0 0 0 0 0 0 0 0 0 0 0 0 0 0 0 0 0 0 0 0 0 0 
9 9 9 9 9 9 9 9 9 9 9 9 9 9 9 9 1 1 0 2 0 0 0 0 0 0 0 0 0 0 0 0 0 0 0 0 0 0 0 0 0 0 0 0 0 0 0 0 
9 9 9 9 9 9 9 9 9 9 9 9 9 9 9 9 1 1 0 2 1 1 1 1 1 1 0 0 0 0 0 0 0 0 0 0 0 0 0 0 0 0 0 0 0 0 0 0 
9 9 9 9 9 9 9 9 9 9 9 9 9 9 9 9 1 1 0 2 6 6 1 1 0 2 0 1 0 0 0 0 0 0 0 0 0 0 0 0 0 0 0 0 0 0 0 0 
9 9 9 9 9 9 9 9 9 9 9 9 9 9 9 9 1 1 0 2 1 1 1 1 1 2 0 1 0 0 0 0 0 0 0 0 0 0 0 0 0 0 0 0 0 0 0 0 
9 9 9 9 9 9 9 9 9 9 9 9 9 9 9 9 1 1 0 2 1 1 1 1 1 2 1 1 0 0 0 0 0 1 1 1 1 1 0 0 0 0 0 0 1 1 0 0 
9 9 9 9 9 9 9 9 9 9 9 9 9 9 9 9 1 1 0 0 1 1 1 1 1 2 0 0 13 0 0 0 0 1 1 1 1 1 1 0 0 0 0 0 1 1 0 0 
9 9 9 9 9 9 9 9 9 9 9 9 9 9 9 9 1 1 0 0 1 1 1 1 0 0 0 0 0 0 0 0 0 0 1 1 1 1 1 1 1 1 1 1 1 1 0 0 
9 9 9 9 9 9 9 9 9 9 9 9 9 9 9 9 1 1 0 0 1 1 1 1 1 0 0 1 0 0 0 0 0 0 1 0 1 1 1 1 1 1 1 1 1 1 0 0 
9 9 9 9 9 9 9 9 9 9 9 9 9 9 9 9 1 1 0 0 0 0 0 0 0 0 0 0 0 0 0 0 0 0 1 1 1 1 1 1 1 1 1 1 1 1 0 0 
9 9 9 9 9 9 9 9 9 9 9 9 9 9 9 9 1 1 0 0 0 0 0 0 0 0 0 0 0 0 0 0 0 0 1 1 1 1 1 1 1 1 1 1 1 1 0 0 
9 9 9 9 9 9 9 9 9 9 9 9 9 9 9 9 1 1 0 0 1 0 0 0 0 0 0 0 0 0 0 0 1 1 1 1 1 1 1 1 1 1 1 1 1 1 0 0 
9 9 9 9 9 9 9 9 9 9 9 9 9 9 9 9 1 1 0 0 1 1 1 1 1 6 0 0 0 1 1 1 1 1 1 1 1 1 1 1 1 1 1 1 1 1 0 0 
9 9 9 9 9 9 9 9 9 9 9 9 9 9 9 9 1 1 0 0 0 0 0 0 0 0 0 0 0 1 1 1 1 1 1 1 1 1 1 1 1 1 1 1 1 1 0 0 
9 9 9 9 9 9 9 9 9 9 9 9 9 9 9 9 0 0 0 0 0 0 1 1 1 1 0 0 0 0 1 1 9 9 9 9 9 9 9 9 9 9 9 9 9 9 9 9 
9 9 9 9 9 9 9 9 9 9 9 9 9 9 9 9 0 0 0 0 0 1 1 1 1 1 0 0 0 0 1 1 9 9 9 9 9 9 9 9 9 9 9 9 9 9 9 9 
9 9 9 9 9 9 9 9 9 9 9 9 9 9 9 9 0 0 0 0 0 0 1 1 1 1 0 0 2 0 1 1 9 9 9 9 9 9 9 9 9 9 9 9 9 9 9 9 
9 9 9 9 9 9 9 9 9 9 9 9 9 9 9 9 0 0 0 1 0 0 1 1 1 1 0 0 2 0 1 1 9 9 9 9 9 9 9 9 9 9 9 9 9 9 9 9 
9 9 9 9 9 9 9 9 9 9 9 9 9 9 9 9 0 0 2 1 12 0 0 0 1 1 0 0 2 12 1 1 9 9 9 9 9 9 9 9 9 9 9 9 9 9 9 9 
9 9 9 9 9 9 9 9 9 9 9 9 9 9 9 9 0 0 2 1 0 0 0 0 1 1 0 0 2 0 1 1 9 9 9 9 9 9 9 9 9 9 9 9 9 9 9 9 
9 9 9 9 9 9 9 9 9 9 9 9 9 9 9 9 0 0 2 0 0 0 0 0 1 1 0 0 2 0 1 1 9 9 9 9 9 9 9 9 9 9 9 9 9 9 9 9 
9 9 9 9 9 9 9 9 9 9 9 9 9 9 9 9 0 0 2 0 0 0 0 0 1 1 0 0 2 0 1 1 9 9 9 9 9 9 9 9 9 9 9 9 9 9 9 9 
9 9 9 9 9 9 9 9 9 9 9 9 9 9 9 9 0 0 2 0 0 0 0 0 1 1 0 0 2 0 1 1 9 9 9 9 9 9 9 9 9 9 9 9 9 9 9 9 
9 9 9 9 9 9 9 9 9 9 9 9 9 9 9 9 0 0 2 0 0 0 0 0 1 1 0 0 2 0 1 1 9 9 9 9 9 9 9 9 9 9 9 9 9 9 9 9 
9 9 9 9 9 9 9 9 9 9 9 9 9 9 9 9 0 0 2 0 0 1 1 1 1 1 0 0 2 0 1 1 9 9 9 9 9 9 9 9 9 9 9 9 9 9 9 9 
9 9 9 9 9 9 9 9 9 9 9 9 9 9 9 9 0 0 2 0 0 1 1 0 1 1 0 0 2 0 1 1 9 9 9 9 9 9 9 9 9 9 9 9 9 9 9 9 
9 9 9 9 9 9 9 9 9 9 9 9 9 9 9 9 0 0 2 0 0 1 1 0 1 1 0 0 2 0 1 1 9 9 9 9 9 9 9 9 9 9 9 9 9 9 9 9 
9 9 9 9 9 9 9 9 9 9 9 9 9 9 9 9 0 0 2 0 0 1 0 0 1 1 0 0 2 0 1 1 9 9 9 9 9 9 9 9 9 9 9 9 9 9 9 9 
0 0 0 0 0 0 0 0 0 0 0 0 0 0 0 0 0 0 0 0 0 0 0 0 0 0 0 0 0 0 0 0 9 9 9 9 9 9 9 9 9 9 9 9 9 9 9 9 
0 0 0 0 0 0 0 0 0 0 0 0 0 0 0 1 0 0 0 0 0 0 1 0 0 0 0 0 0 0 0 0 9 9 9 9 9 9 9 9 9 9 9 9 9 9 9 9 
0 0 0 0 0 0 0 0 0 0 0 0 0 0 0 0 0 0 0 0 1 0 1 1 1 1 1 1 1 1 0 0 9 9 9 9 9 9 9 9 9 9 9 9 9 9 9 9 
0 0 0 0 0 0 0 0 0 0 0 0 0 0 0 0 0 0 0 12 1 1 1 1 1 1 1 1 1 1 1 1 9 9 9 9 9 9 9 9 9 9 9 9 9 9 9 9 
0 0 0 0 0 0 0 0 0 11 11 0 0 0 0 0 0 0 0 1 1 1 1 1 1 1 1 1 1 1 1 1 9 9 9 9 9 9 9 9 9 9 9 9 9 9 9 9 
0 0 0 0 0 0 0 0 0 1 1 1 1 1 0 1 0 0 0 0 0 0 1 1 1 1 1 1 1 1 1 1 9 9 9 9 9 9 9 9 9 9 9 9 9 9 9 9 
0 0 0 0 0 0 0 11 0 1 1 1 1 1 0 1 0 0 1 1 1 1 1 1 1 1 1 1 1 1 1 1 9 9 9 9 9 9 9 9 9 9 9 9 9 9 9 9 
1 0 1 1 1 1 1 1 1 1 1 1 1 1 1 1 1 1 1 1 1 1 1 1 1 1 1 1 1 1 1 1 9 9 9 9 9 9 9 9 9 9 9 9 9 9 9 9 
1 0 0 1 0 0 0 0 0 0 1 1 1 1 0 0 1 1 1 1 1 1 1 1 1 1 1 1 1 1 1 1 9 9 9 9 9 9 9 9 9 9 9 9 9 9 9 9 
0 0 0 0 0 0 0 0 0 0 0 0 0 0 0 0 1 1 1 1 1 1 1 1 1 1 1 1 1 1 1 1 9 9 9 9 9 9 9 9 9 9 9 9 9 9 9 9 
1 0 0 0 0 0 0 0 0 0 0 0 0 0 0 0 1 1 1 1 1 1 1 1 1 1 1 1 1 1 1 1 9 9 9 9 9 9 9 9 9 9 9 9 9 9 9 9 
1 1 0 0 0 0 0 0 0 0 0 0 0 0 0 0 1 1 1 1 1 1 1 1 1 1 1 1 1 1 1 1 9 9 9 9 9 9 9 9 9 9 9 9 9 9 9 9 
1 1 0 0 0 0 0 0 0 0 0 0 0 0 0 0 1 1 1 1 1 1 1 1 1 1 1 1 1 1 1 1 9 9 9 9 9 9 9 9 9 9 9 9 9 9 9 9 
1 1 0 0 0 0 0 0 0 0 0 0 0 0 0 0 1 1 1 1 1 1 1 1 1 1 1 1 1 1 1 1 9 9 9 9 9 9 9 9 9 9 9 9 9 9 9 9 
0 0 0 0 0 0 0 0 0 0 0 0 0 0 0 0 0 0 0 0 0 0 1 1 1 1 1 0 0 0 1 1 9 9 9 9 9 9 9 9 9 9 9 9 9 9 9 9 
0 0 0 0 0 0 0 0 0 0 0 0 0 0 0 0 0 0 0 0 0 0 1 1 2 1 0 0 0 0 1 1 9 9 9 9 9 9 9 9 9 9 9 9 9 9 9 9 
0 0 0 0 0 0 0 0 0 0 0 0 0 0 0 0 0 0 0 0 0 0 1 1 1 1 0 1 0 0 1 1 9 9 9 9 9 9 9 9 9 9 9 9 9 9 9 9 
0 0 0 0 0 0 0 0 0 0 0 0 0 0 0 0 0 0 2 1 0 0 1 1 1 1 0 0 2 0 1 1 9 9 9 9 9 9 9 9 9 9 9 9 9 9 9 9 
0 0 1 0 0 0 0 0 0 0 0 0 0 0 0 0 0 0 2 1 0 0 1 1 1 1 0 0 2 0 1 1 9 9 9 9 9 9 9 9 9 9 9 9 9 9 9 9 
0 0 0 0 0 0 0 0 0 0 0 0 0 0 0 0 0 0 2 1 0 0 0 0 1 0 0 0 2 0 1 1 9 9 9 9 9 9 9 9 9 9 9 9 9 9 9 9 
0 0 0 0 0 0 0 0 0 0 0 0 0 0 0 0 0 0 2 0 0 0 0 0 1 0 0 0 2 0 1 1 9 9 9 9 9 9 9 9 9 9 9 9 9 9 9 9 
0 0 0 0 0 0 0 0 0 1 1 0 1 0 0 0 0 0 2 0 0 0 0 0 1 0 0 0 2 0 1 1 9 9 9 9 9 9 9 9 9 9 9 9 9 9 9 9 
0 0 0 0 0 0 0 0 0 1 1 1 1 0 0 0 0 0 2 0 0 0 0 0 1 1 0 0 2 0 1 1 9 9 9 9 9 9 9 9 9 9 9 9 9 9 9 9 
0 0 0 0 0 0 0 1 1 1 1 1 0 0 0 0 0 0 2 0 0 0 0 0 1 1 0 0 2 0 1 1 9 9 9 9 9 9 9 9 9 9 9 9 9 9 9 9 
0 0 0 0 0 0 0 1 1 1 1 1 0 0 0 0 0 0 2 0 0 1 0 0 1 1 0 0 2 0 1 1 9 9 9 9 9 9 9 9 9 9 9 9 9 9 9 9 
1 1 1 1 1 1 1 1 1 1 1 1 1 1 0 0 0 0 2 0 0 1 0 0 1 1 0 0 2 0 1 1 9 9 9 9 9 9 9 9 9 9 9 9 9 9 9 9 
1 1 1 0 1 1 1 1 1 1 1 1 1 1 0 0 0 0 2 0 0 1 1 0 1 1 0 0 2 0 1 1 9 9 9 9 9 9 9 9 9 9 9 9 9 9 9 9 
1 1 1 1 1 1 1 1 1 1 1 1 1 0 0 0 0 0 2 0 0 1 0 0 0 1 0 0 2 0 1 1 9 9 9 9 9 9 9 9 9 9 9 9 9 9 9 9 
9 9 9 9 9 9 9 9 9 9 9 9 9 9 9 9 0 0 0 0 0 0 0 0 0 0 0 0 0 0 0 0 9 9 9 9 9 9 9 9 9 9 9 9 9 9 9 9 
9 9 9 9 9 9 9 9 9 9 9 9 9 9 9 9 0 0 0 0 0 0 0 0 0 0 0 0 0 0 0 0 9 9 9 9 9 9 9 9 9 9 9 9 9 9 9 9 
9 9 9 9 9 9 9 9 9 9 9 9 9 9 9 9 0 0 0 0 0 0 0 0 0 0 0 0 0 0 0 0 9 9 9 9 9 9 9 9 9 9 9 9 9 9 9 9 
9 9 9 9 9 9 9 9 9 9 9 9 9 9 9 9 0 0 0 0 0 0 0 0 0 0 0 0 0 0 0 0 9 9 9 9 9 9 9 9 9 9 9 9 9 9 9 9 
9 9 9 9 9 9 9 9 9 9 9 9 9 9 9 9 0 0 0 0 0 0 0 0 0 0 0 0 0 0 0 0 9 9 9 9 9 9 9 9 9 9 9 9 9 9 9 9 
9 9 9 9 9 9 9 9 9 9 9 9 9 9 9 9 0 0 0 0 0 0 0 0 0 0 0 0 0 0 0 0 9 9 9 9 9 9 9 9 9 9 9 9 9 9 9 9 
9 9 9 9 9 9 9 9 9 9 9 9 9 9 9 9 0 0 0 0 0 0 0 0 0 0 0 0 0 0 0 0 9 9 9 9 9 9 9 9 9 9 9 9 9 9 9 9 
9 9 9 9 9 9 9 9 9 9 9 9 9 9 9 9 0 0 0 0 0 0 0 1 1 1 1 0 1 1 0 0 9 9 9 9 9 9 9 9 9 9 9 9 9 9 9 9 
9 9 9 9 9 9 9 9 9 9 9 9 9 9 9 9 0 0 0 0 0 0 11 0 1 1 0 0 0 0 0 0 9 9 9 9 9 9 9 9 9 9 9 9 9 9 9 9 
9 9 9 9 9 9 9 9 9 9 9 9 9 9 9 9 0 0 0 0 0 1 1 1 1 1 0 0 1 1 0 0 9 9 9 9 9 9 9 9 9 9 9 9 9 9 9 9 
9 9 9 9 9 9 9 9 9 9 9 9 9 9 9 9 0 0 0 0 0 1 1 1 1 1 12 1 1 1 0 0 9 9 9 9 9 9 9 9 9 9 9 9 9 9 9 9 
9 9 9 9 9 9 9 9 9 9 9 9 9 9 9 9 1 1 1 1 1 1 1 1 1 1 1 1 1 1 1 0 9 9 9 9 9 9 9 9 9 9 9 9 9 9 9 9 
9 9 9 9 9 9 9 9 9 9 9 9 9 9 9 9 1 1 1 1 1 1 1 1 1 1 1 1 1 1 0 7 9 9 9 9 9 9 9 9 9 9 9 9 9 9 9 9 
9 9 9 9 9 9 9 9 9 9 9 9 9 9 9 9 1 1 1 1 1 1 1 1 1 1 1 1 1 1 1 1 9 9 9 9 9 9 9 9 9 9 9 9 9 9 9 9 
