9 9 9 9 9 9 9 9 9 9 9 9 9 9 9 9 0 0 0 0 0 0 0 0 0 0 0 0 0 0 0 0 0 0 0 0 0 0 0 2 0 0 0 0 0 0 0 0 
9 9 9 9 9 9 9 9 9 9 9 9 9 9 9 9 0 0 0 0 0 0 0 0 0 0 0 0 0 0 0 0 0 0 0 0 0 0 0 0 0 0 0 0 0 0 0 0 
9 9 9 9 9 9 9 9 9 9 9 9 9 9 9 9 0 0 0 0 0 0 0 0 0 0 0 0 0 0 0 0 0 0 0 0 0 0 0 0 0 0 0 0 0 0 0 0 
9 9 9 9 9 9 9 9 9 9 9 9 9 9 9 9 0 0 0 0 0 0 5 5 5 5 5 0 0 0 0 0 0 0 0 0 0 0 0 0 0 0 0 0 0 0 0 0 
9 9 9 9 9 9 9 9 9 9 9 9 9 9 9 9 0 0 0 0 0 0 0 0 0 0 0 0 0 0 0 0 0 0 0 0 0 0 0 0 0 0 0 0 0 0 0 0 
9 9 9 9 9 9 9 9 9 9 9 9 9 9 9 9 0 0 0 0 1 0 0 0 0 0 0 0 0 0 1 0 1 1 0 0 0 0 0 0 0 0 0 0 0 0 0 0 
9 9 9 9 9 9 9 9 9 9 9 9 9 9 9 9 0 0 0 0 1 0 0 0 0 0 0 0 0 0 1 0 1 1 0 0 0 0 0 2 0 0 0 0 0 0 0 0 
9 9 9 9 9 9 9 9 9 9 9 9 9 9 9 9 0 1 0 1 1 0 0 0 3 0 0 0 0 0 1 1 1 1 0 0 0 0 0 2 1 1 1 0 1 1 1 1 
9 9 9 9 9 9 9 9 9 9 9 9 9 9 9 9 0 3 3 1 1 0 0 1 1 1 12 0 0 1 1 1 1 1 0 13 0 0 0 2 1 0 0 0 0 0 0 0 
9 9 9 9 9 9 9 9 9 9 9 9 9 9 9 9 0 1 2 1 1 1 0 0 1 1 1 2 1 1 1 1 0 1 0 0 0 0 0 2 1 0 0 0 0 0 0 0 
9 9 9 9 9 9 9 9 9 9 9 9 9 9 9 9 0 0 0 1 1 2 2 2 0 0 2 2 1 1 1 1 1 1 3 0 3 3 3 1 1 0 0 0 0 0 0 0 
9 9 9 9 9 9 9 9 9 9 9 9 9 9 9 9 1 1 0 0 1 2 2 2 0 0 2 2 1 1 1 1 0 0 0 1 1 1 1 1 1 0 0 0 1 1 1 1 
9 9 9 9 9 9 9 9 9 9 9 9 9 9 9 9 1 1 0 0 0 2 2 2 0 0 2 2 0 1 1 1 0 0 0 0 0 0 0 0 0 0 0 0 0 0 1 1 
9 9 9 9 9 9 9 9 9 9 9 9 9 9 9 9 0 0 0 0 0 2 2 2 0 0 2 2 0 1 1 1 0 0 0 0 0 0 0 0 0 0 0 0 0 0 1 1 
9 9 9 9 9 9 9 9 9 9 9 9 9 9 9 9 0 0 0 0 0 0 0 2 0 0 0 0 1 1 1 1 1 1 0 2 2 0 1 1 1 1 0 0 0 0 1 1 
9 9 9 9 9 9 9 9 9 9 9 9 9 9 9 9 0 0 0 0 0 0 0 2 0 0 0 0 0 0 1 1 1 1 0 2 2 0 1 1 0 0 0 0 0 0 0 1 
9 9 9 9 9 9 9 9 9 9 9 9 9 9 9 9 0 0 0 0 0 0 0 2 0 0 0 0 0 0 1 1 1 1 0 11 2 0 1 0 2 13 0 0 0 0 1 1 
9 9 9 9 9 9 9 9 9 9 9 9 9 9 9 9 0 0 0 0 0 0 0 2 0 0 0 0 0 0 1 1 1 1 0 1 2 0 1 1 2 0 0 0 0 0 1 1 
9 9 9 9 9 9 9 9 9 9 9 9 9 9 9 9 8 1 0 0 0 0 0 2 0 0 0 0 1 0 1 1 1 1 0 1 2 0 1 1 2 0 0 0 0 0 1 1 
9 9 9 9 9 9 9 9 9 9 9 9 9 9 9 9 1 1 0 0 0 0 0 2 0 0 1 0 0 0 1 1 1 1 0 1 0 0 1 1 2 0 0 0 0 0 1 1 
9 9 9 9 9 9 9 9 9 9 9 9 9 9 9 9 1 1 0 0 0 0 0 2 0 0 0 0 0 0 1 1 0 0 0 1 1 0 1 1 2 1 1 1 0 1 1 1 
9 9 9 9 9 9 9 9 9 9 9 9 9 9 9 9 1 1 0 0 0 0 0 2 0 0 0 0 0 0 1 1 0 0 0 0 1 1 1 1 1 1 1 1 1 1 1 1 
9 9 9 9 9 9 9 9 9 9 9 9 9 9 9 9 1 1 0 0 0 0 0 2 0 0 0 0 0 0 1 1 0 0 0 0 0 0 1 1 1 1 1 1 0 0 1 1 
9 9 9 9 9 9 9 9 9 9 9 9 9 9 9 9 1 1 0 13 0 0 0 2 0 0 0 0 0 0 1 1 0 0 0 0 0 0 0 0 0 0 0 0 0 0 1 1 
9 9 9 9 9 9 9 9 9 9 9 9 9 9 9 9 1 1 0 0 0 0 0 2 0 0 0 0 0 0 1 1 0 0 0 0 0 0 0 0 0 0 0 0 0 0 1 1 
9 9 9 9 9 9 9 9 9 9 9 9 9 9 9 9 1 1 0 0 0 0 0 2 0 0 0 0 1 1 1 1 0 0 0 0 0 0 1 0 0 0 1 0 0 0 1 1 
9 9 9 9 9 9 9 9 9 9 9 9 9 9 9 9 1 1 0 0 0 0 0 2 0 0 0 0 1 1 1 1 0 0 0 0 0 1 1 1 1 1 1 1 0 0 1 1 
9 9 9 9 9 9 9 9 9 9 9 9 9 9 9 9 1 1 0 0 0 0 0 2 0 0 0 0 1 1 1 1 0 0 0 0 0 1 1 1 1 1 1 1 0 0 1 1 
9 9 9 9 9 9 9 9 9 9 9 9 9 9 9 9 9 9 9 9 9 9 9 9 9 9 9 9 9 9 9 9 0 0 0 0 0 0 0 0 1 1 0 0 2 12 1 1 
9 9 9 9 9 9 9 9 9 9 9 9 9 9 9 9 9 9 9 9 9 9 9 9 9 9 9 9 9 9 9 9 0 0 0 0 0 0 0 0 1 1 0 0 2 0 1 1 
9 9 9 9 9 9 9 9 9 9 9 9 9 9 9 9 9 9 9 9 9 9 9 9 9 9 9 9 9 9 9 9 0 0 0 0 0 0 0 0 1 1 0 0 2 1 1 1 
9 9 9 9 9 9 9 9 9 9 9 9 9 9 9 9 9 9 9 9 9 9 9 9 9 9 9 9 9 9 9 9 0 0 0 0 0 13 0 0 1 1 0 0 2 0 1 1 
9 9 9 9 9 9 9 9 9 9 9 9 9 9 9 9 9 9 9 9 9 9 9 9 9 9 9 9 9 9 9 9 0 0 0 1 12 0 0 0 1 1 0 0 2 0 6 1 
9 9 9 9 9 9 9 9 9 9 9 9 9 9 9 9 9 9 9 9 9 9 9 9 9 9 9 9 9 9 9 9 0 0 0 1 0 0 0 0 1 1 0 0 2 0 6 1 
9 9 9 9 9 9 9 9 9 9 9 9 9 9 9 9 9 9 9 9 9 9 9 9 9 9 9 9 9 9 9 9 0 0 0 1 0 0 0 0 1 1 0 0 2 0 6 1 
9 9 9 9 9 9 9 9 9 9 9 9 9 9 9 9 9 9 9 9 9 9 9 9 9 9 9 9 9 9 9 9 0 0 0 0 0 0 0 0 1 1 0 0 2 0 1 1 
9 9 9 9 9 9 9 9 9 9 9 9 9 9 9 9 9 9 9 9 9 9 9 9 9 9 9 9 9 9 9 9 0 0 0 0 0 0 0 0 1 1 0 0 2 0 1 1 
9 9 9 9 9 9 9 9 9 9 9 9 9 9 9 9 9 9 9 9 9 9 9 9 9 9 9 9 9 9 9 9 0 0 0 0 0 0 0 0 1 1 0 0 2 0 1 1 
9 9 9 9 9 9 9 9 9 9 9 9 9 9 9 9 9 9 9 9 9 9 9 9 9 9 9 9 9 9 9 9 0 0 0 0 0 0 0 0 1 1 0 0 2 1 1 1 
9 9 9 9 9 9 9 9 9 9 9 9 9 9 9 9 9 9 9 9 9 9 9 9 9 9 9 9 9 9 9 9 0 0 0 0 0 0 1 1 1 1 3 3 3 1 1 1 
9 9 9 9 9 9 9 9 9 9 9 9 9 9 9 9 9 9 9 9 9 9 9 9 9 9 9 9 9 9 9 9 0 0 0 0 0 0 1 1 1 1 1 1 1 1 1 1 
9 9 9 9 9 9 9 9 9 9 9 9 9 9 9 9 9 9 9 9 9 9 9 9 9 9 9 9 9 9 9 9 0 0 0 0 0 0 1 1 1 1 1 1 1 1 1 1 
9 9 9 9 9 9 9 9 9 9 9 9 9 9 9 9 9 9 9 9 9 9 9 9 9 9 9 9 9 9 9 9 1 1 0 0 0 0 0 0 0 0 0 0 0 0 0 0 
9 9 9 9 9 9 9 9 9 9 9 9 9 9 9 9 9 9 9 9 9 9 9 9 9 9 9 9 9 9 9 9 1 1 0 0 0 0 0 0 0 0 0 0 0 0 0 0 
9 9 9 9 9 9 9 9 9 9 9 9 9 9 9 9 9 9 9 9 9 9 9 9 9 9 9 9 9 9 9 9 1 1 0 0 0 0 0 0 0 0 0 0 0 0 0 0 
9 9 9 9 9 9 9 9 9 9 9 9 9 9 9 9 9 9 9 9 9 9 9 9 9 9 9 9 9 9 9 9 1 1 0 0 0 0 0 0 0 0 0 1 0 0 0 0 
9 9 9 9 9 9 9 9 9 9 9 9 9 9 9 9 9 9 9 9 9 9 9 9 9 9 9 9 9 9 9 9 1 1 2 0 0 0 0 0 0 12 1 1 0 0 0 13 
9 9 9 9 9 9 9 9 9 9 9 9 9 9 9 9 9 9 9 9 9 9 9 9 9 9 9 9 9 9 9 9 1 1 2 0 0 0 0 0 1 1 1 1 0 0 0 0 
9 9 9 9 9 9 9 9 9 9 9 9 9 9 9 9 9 9 9 9 9 9 9 9 9 9 9 9 9 9 9 9 1 1 2 0 0 0 0 0 1 1 1 1 0 0 0 0 
9 9 9 9 9 9 9 9 9 9 9 9 9 9 9 9 9 9 9 9 9 9 9 9 9 9 9 9 9 9 9 9 1 1 1 1 1 1 1 1 1 1 1 1 0 0 0 0 
9 9 9 9 9 9 9 9 9 9 9 9 9 9 9 9 9 9 9 9 9 9 9 9 9 9 9 9 9 9 9 9 1 1 0 1 1 1 0 1 0 0 0 0 0 0 0 0 
9 9 9 9 9 9 9 9 9 9 9 9 9 9 9 9 9 9 9 9 9 9 9 9 9 9 9 9 9 9 9 9 1 1 0 0 0 0 0 0 0 0 0 0 0 0 0 0 
9 9 9 9 9 9 9 9 9 9 9 9 9 9 9 9 9 9 9 9 9 9 9 9 9 9 9 9 9 9 9 9 1 1 0 0 0 0 0 0 0 0 0 0 0 0 0 0 
9 9 9 9 9 9 9 9 9 9 9 9 9 9 9 9 9 9 9 9 9 9 9 9 9 9 9 9 9 9 9 9 1 1 0 0 0 0 0 0 0 0 0 0 0 0 0 0 
9 9 9 9 9 9 9 9 9 9 9 9 9 9 9 9 9 9 9 9 9 9 9 9 9 9 9 9 9 9 9 9 1 1 0 0 0 0 0 0 0 0 0 0 0 0 0 0 
9 9 9 9 9 9 9 9 9 9 9 9 9 9 9 9 9 9 9 9 9 9 9 9 9 9 9 9 9 9 9 9 1 1 0 0 0 0 0 0 0 0 0 0 0 0 0 0 
9 9 9 9 9 9 9 9 9 9 9 9 9 9 9 9 9 9 9 9 9 9 9 9 9 9 9 9 9 9 9 9 0 0 2 0 0 0 0 0 0 0 1 1 0 0 1 1 
9 9 9 9 9 9 9 9 9 9 9 9 9 9 9 9 9 9 9 9 9 9 9 9 9 9 9 9 9 9 9 9 0 0 2 0 0 0 0 0 0 0 1 1 0 0 1 1 
9 9 9 9 9 9 9 9 9 9 9 9 9 9 9 9 9 9 9 9 9 9 9 9 9 9 9 9 9 9 9 9 0 0 2 0 0 0 0 0 0 0 1 1 0 0 1 1 
9 9 9 9 9 9 9 9 9 9 9 9 9 9 9 9 9 9 9 9 9 9 9 9 9 9 9 9 9 9 9 9 4 1 2 0 0 0 0 0 0 0 1 1 0 0 0 0 
9 9 9 9 9 9 9 9 9 9 9 9 9 9 9 9 9 9 9 9 9 9 9 9 9 9 9 9 9 9 9 9 4 4 2 0 0 0 0 0 0 0 1 1 0 0 1 1 
9 9 9 9 9 9 9 9 9 9 9 9 9 9 9 9 9 9 9 9 9 9 9 9 9 9 9 9 9 9 9 9 1 1 2 0 0 0 0 0 0 0 1 1 0 0 0 0 
9 9 9 9 9 9 9 9 9 9 9 9 9 9 9 9 9 9 9 9 9 9 9 9 9 9 9 9 9 9 9 9 1 1 0 0 0 0 0 0 0 0 1 1 0 0 0 0 
9 9 9 9 9 9 9 9 9 9 9 9 9 9 9 9 9 9 9 9 9 9 9 9 9 9 9 9 9 9 9 9 1 1 1 1 1 1 1 1 1 1 1 1 0 0 0 0 
9 9 9 9 9 9 9 9 9 9 9 9 9 9 9 9 9 9 9 9 9 9 9 9 9 9 9 9 9 9 9 9 1 1 0 0 1 1 0 0 0 0 1 1 0 0 0 0 
9 9 9 9 9 9 9 9 9 9 9 9 9 9 9 9 9 9 9 9 9 9 9 9 9 9 9 9 9 9 9 9 0 1 0 0 0 1 1 1 1 1 1 1 0 0 0 0 
9 9 9 9 9 9 9 9 9 9 9 9 9 9 9 9 9 9 9 9 9 9 9 9 9 9 9 9 9 9 9 9 1 1 0 0 0 0 0 0 0 0 0 0 0 0 0 0 
9 9 9 9 9 9 9 9 9 9 9 9 9 9 9 9 9 9 9 9 9 9 9 9 9 9 9 9 9 9 9 9 0 0 0 0 0 0 0 0 0 0 0 0 0 0 0 0 
9 9 9 9 9 9 9 9 9 9 9 9 9 9 9 9 9 9 9 9 9 9 9 9 9 9 9 9 9 9 9 9 1 0 0 0 0 0 0 0 0 0 0 0 0 0 0 0 
9 9 9 9 9 9 9 9 9 9 9 9 9 9 9 9 9 9 9 9 9 9 9 9 9 9 9 9 9 9 9 9 1 0 0 0 0 0 0 0 0 0 0 1 0 0 0 0 
0 0 0 0 0 0 0 0 0 0 0 0 0 0 0 0 0 0 0 0 0 0 0 0 0 0 0 0 0 0 0 0 0 0 0 0 0 0 0 0 0 0 0 0 0 0 0 0 
0 0 0 0 0 0 0 0 0 0 0 0 0 0 0 0 0 0 0 0 0 0 0 0 0 0 0 0 0 0 0 0 0 0 0 0 0 0 0 0 0 0 0 0 0 0 0 0 
0 0 0 0 0 0 0 11 0 0 0 0 0 0 0 0 0 0 0 0 0 0 0 0 0 0 0 0 0 0 0 0 0 0 0 0 0 0 0 0 0 0 0 0 0 0 0 0 
0 0 1 2 1 1 1 1 1 1 1 1 1 1 1 1 0 0 0 0 1 0 1 1 1 1 0 0 0 0 0 0 0 0 0 0 0 0 0 0 0 0 0 0 0 0 0 0 
0 0 0 2 1 0 0 0 0 0 0 0 0 0 0 0 0 0 0 0 1 0 0 1 1 1 1 0 0 0 0 0 0 0 0 0 0 0 0 0 0 0 0 0 0 0 0 0 
0 0 0 0 0 0 0 0 0 0 0 0 0 0 0 0 0 0 0 0 0 0 0 0 0 0 0 0 0 12 1 0 0 0 0 0 0 0 0 0 0 0 0 0 0 0 0 0 
0 0 0 0 0 0 11 0 0 0 0 0 0 0 0 0 0 0 0 1 0 0 0 0 0 0 0 0 1 1 1 1 0 0 0 0 0 0 0 0 0 0 0 0 0 0 0 0 
0 0 1 1 1 1 1 1 1 1 1 1 1 1 1 1 1 1 1 1 1 0 0 0 0 1 1 1 1 1 1 1 0 0 0 0 0 0 0 0 0 0 0 0 0 0 0 0 
0 0 0 0 0 0 0 0 0 0 0 0 0 0 0 0 1 1 1 1 1 0 0 0 0 0 0 1 1 1 1 1 0 0 0 1 1 1 1 0 0 0 0 0 0 0 0 0 
0 0 0 0 0 0 0 0 0 0 0 0 0 0 0 0 1 1 1 1 1 0 0 0 0 0 1 1 1 1 1 1 1 0 0 0 0 0 0 0 0 0 0 0 0 0 0 0 
0 0 0 0 0 0 0 0 0 0 0 0 0 0 0 7 1 1 1 1 1 0 0 0 0 0 1 1 1 1 1 1 0 0 0 0 0 0 0 0 0 0 0 0 0 0 0 0 
2 1 1 1 1 1 1 1 1 1 1 1 1 1 1 1 1 1 1 1 1 0 0 1 1 1 1 1 1 1 1 1 1 0 0 0 1 1 0 0 0 0 0 0 0 0 0 0 
3 3 3 3 3 3 3 3 3 3 3 3 3 3 3 3 1 1 1 1 1 0 0 1 1 1 1 1 1 1 1 1 0 0 0 0 0 0 0 0 0 0 0 0 0 0 0 0 
3 3 3 3 3 3 3 3 3 3 3 3 3 3 3 3 1 1 1 1 1 0 0 0 0 0 0 0 0 0 1 1 1 1 0 1 1 1 0 0 0 0 0 0 0 0 0 0 
